# Thu Sep 24 18:05:53 2020

# input dimensionality
2

# covariance function
CovSEiso

# log-hyperparameter
-2.317887309 -4.693836015 

# data (target value in first column)
-0.000825152616 0.400000006 -1.565999985 
0.003286475316 0.400000006 -1.304999948 
0.02066317759 0.400000006 -1.04400003 
0.01977186464 0.400000006 -0.7829999924 
-0.003110907506 0.400000006 -0.5220000148 
0.001185059198 0.400000006 -0.2610000074 
-0.0004082357045 0.400000006 0 
-0.001533029834 0.400000006 0.2610000074 
0.005868732929 0.400000006 0.5220000148 
-0.006600418594 0.400000006 0.7829999924 
-0.01245019026 0.400000006 1.04400003 
-0.005505368114 0.400000006 1.304999948 
-5.654900178e-06 0.5 -1.565999985 
0.006974323653 0.5 -1.304999948 
0.01330067497 0.5 -1.04400003 
0.02573962696 0.5 -0.7829999924 
0.007926967926 0.5 -0.5220000148 
-0.00144519587 0.5 -0.2610000074 
-0.0005604657927 0.5 0 
0.0003011877998 0.5 0.2610000074 
0.0003262195096 0.5 0.5220000148 
-0.01201064605 0.5 0.7829999924 
-0.009989357553 0.5 1.04400003 
-0.003334891517 0.5 1.304999948 
-4.884257123e-07 0.6000000238 -1.565999985 
0.006324935704 0.6000000238 -1.304999948 
0.008492552675 0.6000000238 -1.04400003 
0.01078509632 0.6000000238 -0.7829999924 
0.001591013512 0.6000000238 -0.5220000148 
0.006786005106 0.6000000238 -0.2610000074 
0.0001670245983 0.6000000238 0 
0.002105494263 0.6000000238 0.2610000074 
0.004774699919 0.6000000238 0.5220000148 
-0.005410772748 0.6000000238 0.7829999924 
-0.00712343771 0.6000000238 1.04400003 
-0.004079439677 0.6000000238 1.304999948 
0.001540519996 0.6999999881 -1.565999985 
0.002021545777 0.6999999881 -1.304999948 
0.01029092818 0.6999999881 -1.04400003 
0.009210157208 0.6999999881 -0.7829999924 
-0.0051525319 0.6999999881 -0.5220000148 
0.009967966937 0.6999999881 -0.2610000074 
0.002512709703 0.6999999881 0 
0.002549947007 0.6999999881 0.2610000074 
0.007577825338 0.6999999881 0.5220000148 
-0.00690180948 0.6999999881 0.7829999924 
-0.008644105867 0.6999999881 1.04400003 
0.0007034683949 0.6999999881 1.304999948 
0.003723650705 0.8000000119 -1.565999985 
0.006192514207 0.8000000119 -1.304999948 
0.01012946386 0.8000000119 -1.04400003 
0.009239929728 0.8000000119 -0.7829999924 
0.003046375932 0.8000000119 -0.5220000148 
0.007366921287 0.8000000119 -0.2610000074 
0.007001129445 0.8000000119 0 
0.000961217389 0.8000000119 0.2610000074 
0.003579418408 0.8000000119 0.5220000148 
0.001153624384 0.8000000119 0.7829999924 
-0.003372153034 0.8000000119 1.04400003 
-0.003213295713 0.8000000119 1.304999948 
0.004024207592 0.8999999762 -1.565999985 
0.004668095149 0.8999999762 -1.304999948 
0.006276690401 0.8999999762 -1.04400003 
0.005880523007 0.8999999762 -0.7829999924 
0.00371754216 0.8999999762 -0.5220000148 
0.006528631784 0.8999999762 -0.2610000074 
0.00871684216 0.8999999762 0 
0.004692056216 0.8999999762 0.2610000074 
0.004328593146 0.8999999762 0.5220000148 
0.005231559277 0.8999999762 0.7829999924 
-0.001291357446 0.8999999762 1.04400003 
0.001469144365 0.8999999762 1.304999948 
0.001576339244 1 -1.565999985 
-0.0005669706152 1 -1.304999948 
0.004211777821 1 -1.04400003 
0.00646995753 1 -0.7829999924 
0.001719137887 1 -0.5220000148 
0.009516870603 1 -0.2610000074 
0.006757766008 1 0 
0.006350570358 1 0.2610000074 
0.00633343868 1 0.5220000148 
0.02742225304 1 0.7829999924 
0.007049163803 1 1.04400003 
0.002549858298 1 1.304999948 
0.005997158121 1.100000024 -1.565999985 
0.003608307801 1.100000024 -1.304999948 
0.009361927398 1.100000024 -1.04400003 
0.01202658191 1.100000024 -0.7829999924 
0.007799005602 1.100000024 -0.5220000148 
0.007232680917 1.100000024 -0.2610000074 
0.01165462285 1.100000024 0 
0.01386007294 1.100000024 0.2610000074 
0.01010735705 1.100000024 0.5220000148 
0.02769368701 1.100000024 0.7829999924 
0.007184200455 1.100000024 1.04400003 
-0.008010656573 1.100000024 1.304999948 
0.004897399805 1.200000048 -1.565999985 
0.006528737955 1.200000048 -1.304999948 
0.003197448095 1.200000048 -1.04400003 
0.01144265942 1.200000048 -0.7829999924 
0.001797374221 1.200000048 -0.5220000148 
0.01032855641 1.200000048 -0.2610000074 
0.008615151048 1.200000048 0 
0.01710661501 1.200000048 0.2610000074 
0.00681592105 1.200000048 0.5220000148 
0.02400854975 1.200000048 0.7829999924 
0.03901340067 1.200000048 1.04400003 
