# Thu Sep 24 18:05:53 2020

# input dimensionality
2

# covariance function
CovSEiso

# log-hyperparameter
-2.159228012 -2.854466732 

# data (target value in first column)
-0.0005628591753 0.400000006 -1.565999985 
-0.1712233275 0.400000006 -1.304999948 
-0.1110485494 0.400000006 -1.04400003 
-0.1448785514 0.400000006 -0.7829999924 
-0.05365149304 0.400000006 -0.5220000148 
0.05103340745 0.400000006 -0.2610000074 
-0.01475576591 0.400000006 0 
-0.09823165834 0.400000006 0.2610000074 
-0.02479890175 0.400000006 0.5220000148 
0.04940917343 0.400000006 0.7829999924 
0.01820454374 0.400000006 1.04400003 
0.07689610124 0.400000006 1.304999948 
5.582426184e-06 0.5 -1.565999985 
-0.07613184303 0.5 -1.304999948 
-0.04402154684 0.5 -1.04400003 
-0.1279861778 0.5 -0.7829999924 
-0.06778184325 0.5 -0.5220000148 
0.006931484677 0.5 -0.2610000074 
-0.02769049816 0.5 0 
-0.07248660922 0.5 0.2610000074 
-0.01682197489 0.5 0.5220000148 
0.03418790922 0.5 0.7829999924 
0.008661926724 0.5 1.04400003 
0.04810493439 0.5 1.304999948 
-2.065598437e-06 0.6000000238 -1.565999985 
-0.0548453033 0.6000000238 -1.304999948 
-0.02346986905 0.6000000238 -1.04400003 
-0.08905611187 0.6000000238 -0.7829999924 
-0.05318097025 0.6000000238 -0.5220000148 
-0.008041448891 0.6000000238 -0.2610000074 
-0.04266664386 0.6000000238 0 
-0.07062818855 0.6000000238 0.2610000074 
-0.02415019274 0.6000000238 0.5220000148 
0.02677314915 0.6000000238 0.7829999924 
0.002124889055 0.6000000238 1.04400003 
0.04844262823 0.6000000238 1.304999948 
0.0006596604944 0.6999999881 -1.565999985 
-0.02682513371 0.6999999881 -1.304999948 
0.0002860442037 0.6999999881 -1.04400003 
-0.06114400178 0.6999999881 -0.7829999924 
-0.03999300301 0.6999999881 -0.5220000148 
-0.03214792907 0.6999999881 -0.2610000074 
-0.0542881079 0.6999999881 0 
-0.05444711447 0.6999999881 0.2610000074 
-0.03382183239 0.6999999881 0.5220000148 
0.01122996956 0.6999999881 0.7829999924 
-0.0005133870873 0.6999999881 1.04400003 
0.02607870661 0.6999999881 1.304999948 
0.002159797587 0.8000000119 -1.565999985 
-0.01012757514 0.8000000119 -1.304999948 
0.007824839093 0.8000000119 -1.04400003 
-0.0337064676 0.8000000119 -0.7829999924 
-0.02766283974 0.8000000119 -0.5220000148 
-0.02415614575 0.8000000119 -0.2610000074 
-0.0594778806 0.8000000119 0 
-0.05234862864 0.8000000119 0.2610000074 
-0.0369849354 0.8000000119 0.5220000148 
0.0003296580981 0.8000000119 0.7829999924 
-0.009482832626 0.8000000119 1.04400003 
0.01719420031 0.8000000119 1.304999948 
0.002489129547 0.8999999762 -1.565999985 
-0.007025040686 0.8999999762 -1.304999948 
0.00170380529 0.8999999762 -1.04400003 
-0.01234198269 0.8999999762 -0.7829999924 
-0.03151555732 0.8999999762 -0.5220000148 
-0.02318372205 0.8999999762 -0.2610000074 
-0.06483002752 0.8999999762 0 
-0.06300874054 0.8999999762 0.2610000074 
-0.03930574283 0.8999999762 0.5220000148 
-0.0412906222 0.8999999762 0.7829999924 
-0.003332785331 0.8999999762 1.04400003 
0.01224528067 0.8999999762 1.304999948 
0.00317400042 1 -1.565999985 
0.02764259838 1 -1.304999948 
-0.008506240323 1 -1.04400003 
0.002452071989 1 -0.7829999924 
-0.01562456135 1 -0.5220000148 
-0.03077211604 1 -0.2610000074 
-0.05493406206 1 0 
-0.04044660926 1 0.2610000074 
-0.05189673603 1 0.5220000148 
-0.09417905658 1 0.7829999924 
-0.003819015808 1 1.04400003 
-0.04049971327 1 1.304999948 
0.006682454608 1.100000024 -1.565999985 
0.02537819743 1.100000024 -1.304999948 
-0.01042583957 1.100000024 -1.04400003 
0.01117144804 1.100000024 -0.7829999924 
-0.01779411733 1.100000024 -0.5220000148 
-0.02019893378 1.100000024 -0.2610000074 
-0.04163595289 1.100000024 0 
-0.04691429809 1.100000024 0.2610000074 
-0.05207878351 1.100000024 0.5220000148 
-0.1207045466 1.100000024 0.7829999924 
-0.01410333253 1.100000024 1.04400003 
-0.04508298263 1.100000024 1.304999948 
0.004894802812 1.200000048 -1.565999985 
0.05325252935 1.200000048 -1.304999948 
-0.00554018002 1.200000048 -1.04400003 
0.01578395069 1.200000048 -0.7829999924 
-0.01289939042 1.200000048 -0.5220000148 
-0.1611424387 1.200000048 -0.2610000074 
-0.02837583609 1.200000048 0 
0.09883601218 1.200000048 0.2610000074 
-0.09161970019 1.200000048 0.5220000148 
-0.1316369623 1.200000048 0.7829999924 
-0.09309625626 1.200000048 1.04400003 
