# Thu Sep 24 18:05:53 2020

# input dimensionality
2

# covariance function
CovSEiso

# log-hyperparameter
-2.883974898 -3.219482264 

# data (target value in first column)
-0.07483436167 0.400000006 -1.565999985 
-0.02588548139 0.400000006 -1.304999948 
0.0002643851039 0.400000006 -1.04400003 
0.06336084753 0.400000006 -0.7829999924 
0.08024396747 0.400000006 -0.5220000148 
0.04909165949 0.400000006 -0.2610000074 
0.06175748631 0.400000006 0 
0.006167180371 0.400000006 0.2610000074 
-0.04986393079 0.400000006 0.5220000148 
-0.050163012 0.400000006 0.7829999924 
-0.05035109073 0.400000006 1.04400003 
-0.0569101125 0.400000006 1.304999948 
-0.04780987278 0.5 -1.565999985 
-0.0006799094263 0.5 -1.304999948 
0.008628515527 0.5 -1.04400003 
0.0747391507 0.5 -0.7829999924 
-0.08078993857 0.5 -0.5220000148 
0.05258550122 0.5 -0.2610000074 
-0.05052999035 0.5 0 
-0.0003441424051 0.5 0.2610000074 
-0.07150878012 0.5 0.5220000148 
-0.07408104837 0.5 0.7829999924 
-0.00165783125 0.5 1.04400003 
-0.04958218709 0.5 1.304999948 
0.005301665515 0.6000000238 -1.565999985 
-0.04685878754 0.6000000238 -1.304999948 
-0.03666475415 0.6000000238 -1.04400003 
0.0002538415138 0.6000000238 -0.7829999924 
0.03836386651 0.6000000238 -0.5220000148 
-0.05001972616 0.6000000238 -0.2610000074 
7.044584891e-06 0.6000000238 0 
-0.03612267971 0.6000000238 0.2610000074 
-0.01108875033 0.6000000238 0.5220000148 
0.02682004124 0.6000000238 0.7829999924 
0.03904749081 0.6000000238 1.04400003 
0.0001058372 0.6000000238 1.304999948 
0.01490506623 0.6999999881 -1.565999985 
0.04306941107 0.6999999881 -1.304999948 
0.01836656407 0.6999999881 -1.04400003 
0.04770734161 0.6999999881 -0.7829999924 
-0.02629705518 0.6999999881 -0.5220000148 
-0.05078411102 0.6999999881 -0.2610000074 
-0.05928024277 0.6999999881 0 
-0.03882258758 0.6999999881 0.2610000074 
-3.208125781e-05 0.6999999881 0.5220000148 
-0.06729724258 0.6999999881 0.7829999924 
-0.01807267033 0.6999999881 1.04400003 
0.003306178609 0.6999999881 1.304999948 
-0.0005479225074 0.8000000119 -1.565999985 
0.003462288296 0.8000000119 -1.304999948 
0.02138778567 0.8000000119 -1.04400003 
0.02970629372 0.8000000119 -0.7829999924 
-0.01545210462 0.8000000119 -0.5220000148 
-0.02079042047 0.8000000119 -0.2610000074 
-0.002751772758 0.8000000119 0 
-0.03197864816 0.8000000119 0.2610000074 
-0.04222850502 0.8000000119 0.5220000148 
-0.001651569037 0.8000000119 0.7829999924 
-0.008253285661 0.8000000119 1.04400003 
-0.01970804669 0.8000000119 1.304999948 
0.02306107432 0.8999999762 -1.565999985 
-0.01123455167 0.8999999762 -1.304999948 
0.02436588332 0.8999999762 -1.04400003 
0.02540692315 0.8999999762 -0.7829999924 
0.01116884127 0.8999999762 -0.5220000148 
0.01395708229 0.8999999762 -0.2610000074 
0.01477617305 0.8999999762 0 
-0.01722871885 0.8999999762 0.2610000074 
-0.04810294881 0.8999999762 0.5220000148 
-0.009030089714 0.8999999762 0.7829999924 
0.02241397649 0.8999999762 1.04400003 
-0.007411595434 0.8999999762 1.304999948 
0.0006438361015 1 -1.565999985 
0.02794138528 1 -1.304999948 
0.01246580854 1 -1.04400003 
-0.01094974112 1 -0.7829999924 
-0.007125192322 1 -0.5220000148 
-0.02374689281 1 -0.2610000074 
-0.0303543359 1 0 
0.008967046626 1 0.2610000074 
-0.003556729993 1 0.5220000148 
-0.04074189812 1 0.7829999924 
-0.01271168981 1 1.04400003 
-0.02379353903 1 1.304999948 
0.02228787728 1.100000024 -1.565999985 
0.06222963706 1.100000024 -1.304999948 
-0.01327523123 1.100000024 -1.04400003 
-0.02429283783 1.100000024 -0.7829999924 
-0.01548114792 1.100000024 -0.5220000148 
-0.06296774745 1.100000024 -0.2610000074 
-0.04288680479 1.100000024 0 
-0.04344605654 1.100000024 0.2610000074 
-0.05014941841 1.100000024 0.5220000148 
-0.03121498413 1.100000024 0.7829999924 
-0.05989269167 1.100000024 1.04400003 
0.03771208972 1.100000024 1.304999948 
0.002738779644 1.200000048 -1.565999985 
-0.02808391117 1.200000048 -1.304999948 
0.0588853918 1.200000048 -1.04400003 
-0.00252938387 1.200000048 -0.7829999924 
-0.07018109411 1.200000048 -0.5220000148 
-0.01706072316 1.200000048 -0.2610000074 
-0.0100908298 1.200000048 0 
-0.06394307315 1.200000048 0.2610000074 
-0.1421397924 1.200000048 0.5220000148 
-0.04767393321 1.200000048 0.7829999924 
-0.03197203949 1.200000048 1.04400003 
