# Thu Sep 24 18:05:53 2020

# input dimensionality
2

# covariance function
CovSEiso

# log-hyperparameter
-2.581062324 -2.762121053 

# data (target value in first column)
-0.05865191296 0.400000006 -1.565999985 
-0.1998394728 0.400000006 -1.304999948 
-0.1499371976 0.400000006 -1.04400003 
-0.07171025127 0.400000006 -0.7829999924 
-0.06124694645 0.400000006 -0.5220000148 
0.07727006823 0.400000006 -0.2610000074 
-0.00935164839 0.400000006 0 
-0.0359566696 0.400000006 0.2610000074 
-0.06821009517 0.400000006 0.5220000148 
0.0001663177973 0.400000006 0.7829999924 
-0.0002420475939 0.400000006 1.04400003 
0.03854366392 0.400000006 1.304999948 
-0.07025980204 0.5 -1.565999985 
-0.1260774285 0.5 -1.304999948 
-0.04329998046 0.5 -1.04400003 
-0.0996176526 0.5 -0.7829999924 
-0.1391646713 0.5 -0.5220000148 
-0.01221502386 0.5 -0.2610000074 
-0.0999449119 0.5 0 
-0.09936265647 0.5 0.2610000074 
-0.05764362216 0.5 0.5220000148 
-0.03614377975 0.5 0.7829999924 
0.02074036933 0.5 1.04400003 
0.04961916432 0.5 1.304999948 
0.005047339015 0.6000000238 -1.565999985 
-0.09954871982 0.6000000238 -1.304999948 
-0.06318629533 0.6000000238 -1.04400003 
-0.125179559 0.6000000238 -0.7829999924 
-0.0006025715847 0.6000000238 -0.5220000148 
0.02716421522 0.6000000238 -0.2610000074 
-0.09917958081 0.6000000238 0 
-0.09161455184 0.6000000238 0.2610000074 
0.1053467765 0.6000000238 0.5220000148 
0.03313431516 0.6000000238 0.7829999924 
-0.02420935407 0.6000000238 1.04400003 
0.07531612366 0.6000000238 1.304999948 
0.0309561491 0.6999999881 -1.565999985 
-0.01723555662 0.6999999881 -1.304999948 
0.01822940074 0.6999999881 -1.04400003 
-0.01982596889 0.6999999881 -0.7829999924 
0.004431812093 0.6999999881 -0.5220000148 
0.05586862937 0.6999999881 -0.2610000074 
0.03195699304 0.6999999881 0 
0.01490234677 0.6999999881 0.2610000074 
-0.001600451884 0.6999999881 0.5220000148 
0.01892565563 0.6999999881 0.7829999924 
0.03188983724 0.6999999881 1.04400003 
0.006492833607 0.6999999881 1.304999948 
-0.002064165892 0.8000000119 -1.565999985 
0.01055870764 0.8000000119 -1.304999948 
0.03347346932 0.8000000119 -1.04400003 
0.02489436418 0.8000000119 -0.7829999924 
-0.003982404713 0.8000000119 -0.5220000148 
0.1274755299 0.8000000119 -0.2610000074 
0.02463332191 0.8000000119 0 
-0.05414421111 0.8000000119 0.2610000074 
0.02541048452 0.8000000119 0.5220000148 
0.02626375295 0.8000000119 0.7829999924 
0.01695495471 0.8000000119 1.04400003 
0.02115178481 0.8000000119 1.304999948 
-0.01125308033 0.8999999762 -1.565999985 
0.03163147718 0.8999999762 -1.304999948 
-0.003408522811 0.8999999762 -1.04400003 
0.008640428074 0.8999999762 -0.7829999924 
0.03706722707 0.8999999762 -0.5220000148 
0.004393980373 0.8999999762 -0.2610000074 
0.0190775767 0.8999999762 0 
0.002427415689 0.8999999762 0.2610000074 
0.06302450597 0.8999999762 0.5220000148 
0.05661829561 0.8999999762 0.7829999924 
-0.02583248913 0.8999999762 1.04400003 
0.01309865341 0.8999999762 1.304999948 
-0.000237168395 1 -1.565999985 
-0.005606773775 1 -1.304999948 
-0.001761340071 1 -1.04400003 
-0.0003484179906 1 -0.7829999924 
0.02040578425 1 -0.5220000148 
-0.03547568992 1 -0.2610000074 
-0.02941343747 1 0 
0.07892340422 1 0.2610000074 
0.03078279458 1 0.5220000148 
0.02726532891 1 0.7829999924 
0.02898620814 1 1.04400003 
0.0008534049848 1 1.304999948 
0.02321561612 1.100000024 -1.565999985 
0.01877991483 1.100000024 -1.304999948 
-0.0365232192 1.100000024 -1.04400003 
-0.05747500062 1.100000024 -0.7829999924 
-0.02413987741 1.100000024 -0.5220000148 
0.019594457 1.100000024 -0.2610000074 
0.0005124438903 1.100000024 0 
-0.06685477495 1.100000024 0.2610000074 
0.04900441691 1.100000024 0.5220000148 
0.01596922427 1.100000024 0.7829999924 
-0.0006358883111 1.100000024 1.04400003 
0.04543689638 1.100000024 1.304999948 
0.01593739912 1.200000048 -1.565999985 
-0.1166989505 1.200000048 -1.304999948 
-0.003409815719 1.200000048 -1.04400003 
-0.06793121248 1.200000048 -0.7829999924 
-0.04505355656 1.200000048 -0.5220000148 
-0.2328545749 1.200000048 -0.2610000074 
0.02037287131 1.200000048 0 
-0.1503467858 1.200000048 0.2610000074 
0.06602182984 1.200000048 0.5220000148 
-0.01946053095 1.200000048 0.7829999924 
-0.04624881223 1.200000048 1.04400003 
