# Thu Sep 24 18:05:53 2020

# input dimensionality
2

# covariance function
CovSEiso

# log-hyperparameter
-1.707551106 -2.784145348 

# data (target value in first column)
0.1044037007 0.400000006 -1.565999985 
0.1091565394 0.400000006 -1.304999948 
0.1174870888 0.400000006 -1.04400003 
0.1181304795 0.400000006 -0.7829999924 
0.07872255358 0.400000006 -0.5220000148 
0.05194002275 0.400000006 -0.2610000074 
0.05122810029 0.400000006 0 
0.05302487978 0.400000006 0.2610000074 
0.05750493721 0.400000006 0.5220000148 
0.06205760439 0.400000006 0.7829999924 
0.06242203452 0.400000006 1.04400003 
0.06330791116 0.400000006 1.304999948 
0.1007791776 0.5 -1.565999985 
0.1035260953 0.5 -1.304999948 
0.1077944333 0.5 -1.04400003 
0.1154358422 0.5 -0.7829999924 
0.08304588737 0.5 -0.5220000148 
0.05235585423 0.5 -0.2610000074 
0.05060758743 0.5 0 
0.05308154349 0.5 0.2610000074 
0.05880497544 0.5 0.5220000148 
0.06346887696 0.5 0.7829999924 
0.06665382273 0.5 1.04400003 
0.06838768957 0.5 1.304999948 
0.09344237222 0.6000000238 -1.565999985 
0.09386762175 0.6000000238 -1.304999948 
0.09415459321 0.6000000238 -1.04400003 
0.08662186264 0.6000000238 -0.7829999924 
0.07750403542 0.6000000238 -0.5220000148 
0.06114119808 0.6000000238 -0.2610000074 
0.0518813318 0.6000000238 0 
0.05462627735 0.6000000238 0.2610000074 
0.06186711704 0.6000000238 0.5220000148 
0.06651977203 0.6000000238 0.7829999924 
0.07111497578 0.6000000238 1.04400003 
0.07389748685 0.6000000238 1.304999948 
0.08467888447 0.6999999881 -1.565999985 
0.0841474457 0.6999999881 -1.304999948 
0.0832666111 0.6999999881 -1.04400003 
0.07772949324 0.6999999881 -0.7829999924 
0.07179689343 0.6999999881 -0.5220000148 
0.06438288859 0.6999999881 -0.2610000074 
0.05403051603 0.6999999881 0 
0.05567598396 0.6999999881 0.2610000074 
0.06526520419 0.6999999881 0.5220000148 
0.07330959587 0.6999999881 0.7829999924 
0.07837922209 0.6999999881 1.04400003 
0.08105586489 0.6999999881 1.304999948 
0.07601320485 0.8000000119 -1.565999985 
0.07583859189 0.8000000119 -1.304999948 
0.07578094176 0.8000000119 -1.04400003 
0.07199843025 0.8000000119 -0.7829999924 
0.06667594633 0.8000000119 -0.5220000148 
0.06275992508 0.8000000119 -0.2610000074 
0.05869751539 0.8000000119 0 
0.0583464507 0.8000000119 0.2610000074 
0.06723152344 0.8000000119 0.5220000148 
0.0835817709 0.8000000119 0.7829999924 
0.0893919857 0.8000000119 1.04400003 
0.0906802719 0.8000000119 1.304999948 
0.06757989333 0.8999999762 -1.565999985 
0.06647873586 0.8999999762 -1.304999948 
0.06688992507 0.8999999762 -1.04400003 
0.06492189583 0.8999999762 -0.7829999924 
0.06258277138 0.8999999762 -0.5220000148 
0.05980873581 0.8999999762 -0.2610000074 
0.06144687092 0.8999999762 0 
0.06141879067 0.8999999762 0.2610000074 
0.07449224709 0.8999999762 0.5220000148 
0.1042270479 0.8999999762 0.7829999924 
0.1042119908 0.8999999762 1.04400003 
0.09996920868 0.8999999762 1.304999948 
0.05951671735 1 -1.565999985 
0.05728107414 1 -1.304999948 
0.0574754222 1 -1.04400003 
0.05791195354 1 -0.7829999924 
0.05758538915 1 -0.5220000148 
0.05641272966 1 -0.2610000074 
0.05643689059 1 0 
0.06329173121 1 0.2610000074 
0.08644181923 1 0.5220000148 
0.1450454514 1 0.7829999924 
0.1278880304 1 1.04400003 
0.1054352159 1 1.304999948 
0.05144846571 1.100000024 -1.565999985 
0.0475954696 1.100000024 -1.304999948 
0.04949425854 1.100000024 -1.04400003 
0.05112809571 1.100000024 -0.7829999924 
0.04984584906 1.100000024 -0.5220000148 
0.04729492419 1.100000024 -0.2610000074 
0.04984394408 1.100000024 0 
0.06011693231 1.100000024 0.2610000074 
0.09334433571 1.100000024 0.5220000148 
0.1705165694 1.100000024 0.7829999924 
0.1574535731 1.100000024 1.04400003 
0.1120798571 1.100000024 1.304999948 
0.04785659766 1.200000048 -1.565999985 
0.04382572712 1.200000048 -1.304999948 
0.04672085155 1.200000048 -1.04400003 
0.04729730571 1.200000048 -0.7829999924 
0.04348023063 1.200000048 -0.5220000148 
0.032945706 1.200000048 -0.2610000074 
0.03852946896 1.200000048 0 
0.03306175259 1.200000048 0.2610000074 
0.09456794652 1.200000048 0.5220000148 
0.1840133409 1.200000048 0.7829999924 
0.2247934134 1.200000048 1.04400003 
