# Thu Sep 24 18:05:53 2020

# input dimensionality
2

# covariance function
CovSEiso

# log-hyperparameter
-2.228010035 -0.5479902303 

# data (target value in first column)
0.9024120295 0.400000006 -1.565999985 
0.8128911501 0.400000006 -1.304999948 
0.7665101323 0.400000006 -1.04400003 
0.5486154893 0.400000006 -0.7829999924 
0.6504690963 0.400000006 -0.5220000148 
0.8966011519 0.400000006 -0.2610000074 
0.9051061151 0.400000006 0 
0.2792063385 0.400000006 0.2610000074 
0.467233645 0.400000006 0.5220000148 
0.5382061741 0.400000006 0.7829999924 
0.4287506839 0.400000006 1.04400003 
0.2954769415 0.400000006 1.304999948 
0.4313916613 0.5 -1.565999985 
0.772564754 0.5 -1.304999948 
0.9005837379 0.5 -1.04400003 
0.9004525969 0.5 -0.7829999924 
0.9773166588 0.5 -0.5220000148 
0.8822922529 0.5 -0.2610000074 
0.970503385 0.5 0 
0.8401812861 0.5 0.2610000074 
0.8283215595 0.5 0.5220000148 
0.4289523347 0.5 0.7829999924 
0.4431920605 0.5 1.04400003 
0.4847951747 0.5 1.304999948 
0.7387712638 0.6000000238 -1.565999985 
0.9643853835 0.6000000238 -1.304999948 
0.6616969529 0.6000000238 -1.04400003 
0.7112896238 0.6000000238 -0.7829999924 
0.5327599327 0.6000000238 -0.5220000148 
0.8581167042 0.6000000238 -0.2610000074 
0.8759281591 0.6000000238 0 
0.9746692489 0.6000000238 0.2610000074 
0.812026138 0.6000000238 0.5220000148 
0.9371121128 0.6000000238 0.7829999924 
0.9005681918 0.6000000238 1.04400003 
0.7038656969 0.6000000238 1.304999948 
0.6758760426 0.6999999881 -1.565999985 
0.5377216133 0.6999999881 -1.304999948 
0.4955395143 0.6999999881 -1.04400003 
0.6726603729 0.6999999881 -0.7829999924 
0.8752570171 0.6999999881 -0.5220000148 
0.4564831382 0.6999999881 -0.2610000074 
0.5188794567 0.6999999881 0 
0.8484232411 0.6999999881 0.2610000074 
0.9408422876 0.6999999881 0.5220000148 
0.4638107125 0.6999999881 0.7829999924 
0.6535271057 0.6999999881 1.04400003 
0.7529244581 0.6999999881 1.304999948 
0.6097390052 0.8000000119 -1.565999985 
0.3855394457 0.8000000119 -1.304999948 
0.3304764874 0.8000000119 -1.04400003 
0.8328907635 0.8000000119 -0.7829999924 
0.6346665014 0.8000000119 -0.5220000148 
0.5512949234 0.8000000119 -0.2610000074 
0.5300629598 0.8000000119 0 
0.5860199886 0.8000000119 0.2610000074 
0.4516891276 0.8000000119 0.5220000148 
0.4787825709 0.8000000119 0.7829999924 
0.5845111287 0.8000000119 1.04400003 
0.5383545617 0.8000000119 1.304999948 
0.7273534734 0.8999999762 -1.565999985 
0.3661018646 0.8999999762 -1.304999948 
0.3777653174 0.8999999762 -1.04400003 
0.3792520639 0.8999999762 -0.7829999924 
0.4916663851 0.8999999762 -0.5220000148 
0.7624821078 0.8999999762 -0.2610000074 
0.6407422624 0.8999999762 0 
0.5687463058 0.8999999762 0.2610000074 
0.3681618813 0.8999999762 0.5220000148 
0.3652569856 0.8999999762 0.7829999924 
0.613864531 0.8999999762 1.04400003 
0.5780779024 0.8999999762 1.304999948 
0.7544386309 1 -1.565999985 
0.8185995241 1 -1.304999948 
0.6038933762 1 -1.04400003 
0.7311757119 1 -0.7829999924 
0.5594780716 1 -0.5220000148 
0.7189139284 1 -0.2610000074 
0.6633415968 1 0 
0.7136102485 1 0.2610000074 
0.9677494921 1 0.5220000148 
0.9760250191 1 0.7829999924 
0.9486842647 1 1.04400003 
0.6520528211 1 1.304999948 
0.709642335 1.100000024 -1.565999985 
0.5204397866 1.100000024 -1.304999948 
0.5363218019 1.100000024 -1.04400003 
0.5134078786 1.100000024 -0.7829999924 
0.3429305004 1.100000024 -0.5220000148 
0.4773518394 1.100000024 -0.2610000074 
0.6348686442 1.100000024 0 
0.75821939 1.100000024 0.2610000074 
0.8815373125 1.100000024 0.5220000148 
0.9755906883 1.100000024 0.7829999924 
0.8941527543 1.100000024 1.04400003 
0.7973020655 1.100000024 1.304999948 
0.5583905761 1.200000048 -1.565999985 
0.516791699 1.200000048 -1.304999948 
0.5323065394 1.200000048 -1.04400003 
0.4906202422 1.200000048 -0.7829999924 
0.3067784148 1.200000048 -0.5220000148 
0.9818406412 1.200000048 -0.2610000074 
0.5895822212 1.200000048 0 
0.7792617639 1.200000048 0.2610000074 
0.7634753298 1.200000048 0.5220000148 
0.9253184363 1.200000048 0.7829999924 
0.4697787786 1.200000048 1.04400003 
