# Thu Sep 24 18:05:53 2020

# input dimensionality
2

# covariance function
CovSEiso

# log-hyperparameter
-1.207630473 -0.7822672892 

# data (target value in first column)
0.9945350005 0.400000006 -1.565999985 
0.9940245721 0.400000006 -1.304999948 
0.9930744101 0.400000006 -1.04400003 
0.9929980815 0.400000006 -0.7829999924 
0.9968965641 0.400000006 -0.5220000148 
0.998650206 0.400000006 -0.2610000074 
0.9986869789 0.400000006 0 
0.9985931915 0.400000006 0.2610000074 
0.998345222 0.400000006 0.5220000148 
0.9980725694 0.400000006 0.7829999924 
0.9980498432 0.400000006 1.04400003 
0.9979940423 0.400000006 1.304999948 
0.9949088186 0.5 -1.565999985 
0.9946267378 0.5 -1.304999948 
0.9941732043 0.5 -1.04400003 
0.9933149381 0.5 -0.7829999924 
0.9965457243 0.5 -0.5220000148 
0.9986284917 0.5 -0.2610000074 
0.9987186151 0.5 0 
0.9985901811 0.5 0.2610000074 
0.9982694901 0.5 0.5220000148 
0.9979838183 0.5 0.7829999924 
0.9977761612 0.5 1.04400003 
0.9976588214 0.5 1.304999948 
0.9956246899 0.6000000238 -1.565999985 
0.9955846873 0.6000000238 -1.304999948 
0.9955575888 0.6000000238 -1.04400003 
0.9962412624 0.6000000238 -0.7829999924 
0.9969920383 0.6000000238 -0.5220000148 
0.9981291269 0.6000000238 -0.2610000074 
0.9986532568 0.6000000238 0 
0.9985068702 0.6000000238 0.2610000074 
0.9980843951 0.6000000238 0.5220000148 
0.9977851071 0.6000000238 0.7829999924 
0.9974681249 0.6000000238 1.04400003 
0.9972658429 0.6000000238 1.304999948 
0.9964082931 0.6999999881 -1.565999985 
0.9964533142 0.6999999881 -1.304999948 
0.9965273059 0.6999999881 -1.04400003 
0.9969744861 0.6999999881 -0.7829999924 
0.997419273 0.6999999881 -0.5220000148 
0.9979252696 0.6999999881 -0.2610000074 
0.9985392848 0.6999999881 0 
0.9984488894 0.6999999881 0.2610000074 
0.9978679538 0.6999999881 0.5220000148 
0.9973092315 0.6999999881 0.7829999924 
0.9969236167 0.6999999881 1.04400003 
0.9967095599 0.6999999881 1.304999948 
0.9971068111 0.8000000119 -1.565999985 
0.9971201071 0.8000000119 -1.304999948 
0.9971244902 0.8000000119 -1.04400003 
0.9974047453 0.8000000119 -0.7829999924 
0.9977746831 0.8000000119 -0.5220000148 
0.9980286528 0.8000000119 -0.2610000074 
0.9982758144 0.8000000119 0 
0.9982963947 0.8000000119 0.2610000074 
0.9977374015 0.8000000119 0.5220000148 
0.996500922 0.8000000119 0.7829999924 
0.9959965225 0.8000000119 1.04400003 
0.9958800572 0.8000000119 1.304999948 
0.9977138658 0.8999999762 -1.565999985 
0.997787842 0.8999999762 -1.304999948 
0.997760361 0.8999999762 -1.04400003 
0.9978903484 0.8999999762 -0.7829999924 
0.9980397771 0.8999999762 -0.5220000148 
0.9982098553 0.8999999762 -0.2610000074 
0.9981103556 0.8999999762 0 
0.998112084 0.8999999762 0.2610000074 
0.9972215928 0.8999999762 0.5220000148 
0.9945535292 0.8999999762 0.7829999924 
0.9945551071 0.8999999762 1.04400003 
0.9949905313 0.8999999762 1.304999948 
0.998227309 1 -1.565999985 
0.9983580913 1 -1.304999948 
0.9983469216 1 -1.04400003 
0.9983216945 1 -0.7829999924 
0.9983405846 1 -0.5220000148 
0.998407534 1 -0.2610000074 
0.9984061685 1 0 
0.9979950685 1 0.2610000074 
0.9962569005 1 0.5220000148 
0.9894249931 1 0.7829999924 
0.9917886124 1 1.04400003 
0.9944261739 1 1.304999948 
0.9986756507 1.100000024 -1.565999985 
0.9988666934 1.100000024 -1.304999948 
0.9987744081 1.100000024 -1.04400003 
0.9986921036 1.100000024 -0.7829999924 
0.998756923 1.100000024 -0.5220000148 
0.998880969 1.100000024 -0.2610000074 
0.9987570181 1.100000024 0 
0.9981913416 1.100000024 0.2610000074 
0.995633886 1.100000024 0.5220000148 
0.985354809 1.100000024 0.7829999924 
0.9875263907 1.100000024 1.04400003 
0.9936992028 1.100000024 1.304999948 
0.9988542166 1.200000048 -1.565999985 
0.9990391912 1.200000048 -1.304999948 
0.9989079848 1.200000048 -1.04400003 
0.9988808562 1.200000048 -0.7829999924 
0.9990542876 1.200000048 -0.5220000148 
0.9994571429 1.200000048 -0.2610000074 
0.9992574643 1.200000048 0 
0.9994533108 1.200000048 0.2610000074 
0.9955184094 1.200000048 0.5220000148 
0.982923746 1.200000048 0.7829999924 
0.9744064456 1.200000048 1.04400003 
