# Thu Sep 24 18:05:53 2020

# input dimensionality
2

# covariance function
CovSEiso

# log-hyperparameter
-2.229139886 -0.4878568492 

# data (target value in first column)
0.4308741451 0.400000006 -1.565999985 
0.5824156403 0.400000006 -1.304999948 
0.6422322143 0.400000006 -1.04400003 
0.8360747843 0.400000006 -0.7829999924 
0.7595327213 0.400000006 -0.5220000148 
0.4428389938 0.400000006 -0.2610000074 
0.4251857481 0.400000006 0 
0.9602311287 0.400000006 0.2610000074 
0.8841338818 0.400000006 0.5220000148 
0.8428132142 0.400000006 0.7829999924 
0.9034228528 0.400000006 1.04400003 
0.9553498715 0.400000006 1.304999948 
0.9021647491 0.5 -1.565999985 
0.6349359818 0.5 -1.304999948 
0.4346825636 0.5 -1.04400003 
0.4349541594 0.5 -0.7829999924 
0.2117832581 0.5 -0.5220000148 
0.4707020082 0.5 -0.2610000074 
0.2410874938 0.5 0 
0.5423056394 0.5 0.2610000074 
0.5602529734 0.5 0.5220000148 
0.9033271249 0.5 0.7829999924 
0.8964266827 0.5 1.04400003 
0.8746277143 0.5 1.304999948 
0.6739562447 0.6000000238 -1.565999985 
0.2645011004 0.6000000238 -1.304999948 
0.7497713935 0.6000000238 -1.04400003 
0.7028990475 0.6000000238 -0.7829999924 
0.8462664203 0.6000000238 -0.5220000148 
0.5134546932 0.6000000238 -0.2610000074 
0.4824415614 0.6000000238 0 
0.2236511908 0.6000000238 0.2610000074 
0.5836210682 0.6000000238 0.5220000148 
0.3490284918 0.6000000238 0.7829999924 
0.4347147707 0.6000000238 1.04400003 
0.7103330773 0.6000000238 1.304999948 
0.7370153153 0.6999999881 -1.565999985 
0.8431224505 0.6999999881 -1.304999948 
0.8685853958 0.6999999881 -1.04400003 
0.7399513652 0.6999999881 -0.7829999924 
0.4836580962 0.6999999881 -0.5220000148 
0.8897320634 0.6999999881 -0.2610000074 
0.8548474188 0.6999999881 0 
0.5293184334 0.6999999881 0.2610000074 
0.3388447873 0.6999999881 0.5220000148 
0.8859343221 0.6999999881 0.7829999924 
0.7569031127 0.6999999881 1.04400003 
0.6581069521 0.6999999881 1.304999948 
0.7926022618 0.8000000119 -1.565999985 
0.9226913546 0.8000000119 -1.304999948 
0.943814225 0.8000000119 -1.04400003 
0.5534374183 0.8000000119 -0.7829999924 
0.7727861489 0.8000000119 -0.5220000148 
0.8343104383 0.8000000119 -0.2610000074 
0.8479582883 0.8000000119 0 
0.8102965957 0.8000000119 0.2610000074 
0.8921753931 0.8000000119 0.5220000148 
0.877933511 0.8000000119 0.7829999924 
0.8113856915 0.8000000119 1.04400003 
0.8427184381 0.8000000119 1.304999948 
0.6862630143 0.8999999762 -1.565999985 
0.9305747819 0.8999999762 -1.304999948 
0.9259013797 0.8999999762 -1.04400003 
0.9252933978 0.8999999762 -0.7829999924 
0.8707836504 0.8999999762 -0.5220000148 
0.6470093007 0.8999999762 -0.2610000074 
0.7677560506 0.8999999762 0 
0.8225130027 0.8999999762 0.2610000074 
0.9297617056 0.8999999762 0.5220000148 
0.9309067271 0.8999999762 0.7829999924 
0.7894113868 0.8999999762 1.04400003 
0.8159815799 0.8999999762 1.304999948 
0.6563705906 1 -1.565999985 
0.5743647092 1 -1.304999948 
0.7970651104 1 -1.04400003 
0.6821891808 1 -0.7829999924 
0.8288451529 1 -0.5220000148 
0.6950991034 1 -0.2610000074 
0.7483167283 1 0 
0.7005429417 1 0.2610000074 
0.2519145104 1 0.5220000148 
0.217658361 1 0.7829999924 
0.3162248662 1 1.04400003 
0.7581735411 1 1.304999948 
0.7045621025 1.100000024 -1.565999985 
0.8538983713 1.100000024 -1.304999948 
0.844013581 1.100000024 -1.04400003 
0.858144714 1.100000024 -0.7829999924 
0.9393607784 1.100000024 -0.5220000148 
0.8787122518 1.100000024 -0.2610000074 
0.7726200907 1.100000024 0 
0.6519995066 1.100000024 0.2610000074 
0.4721143577 1.100000024 0.5220000148 
0.2195969238 1.100000024 0.7829999924 
0.4477620484 1.100000024 1.04400003 
0.603580497 1.100000024 1.304999948 
0.8295781847 1.200000048 -1.565999985 
0.8561111726 1.200000048 -1.304999948 
0.8465516807 1.200000048 -1.04400003 
0.8713735008 1.200000048 -0.7829999924 
0.9517809644 1.200000048 -0.5220000148 
0.1897075518 1.200000048 -0.2610000074 
0.807708366 1.200000048 0 
0.6266985745 1.200000048 0.2610000074 
0.6458369924 1.200000048 0.5220000148 
0.3791909696 1.200000048 0.7829999924 
0.8827841748 1.200000048 1.04400003 
