# Thu Sep 24 18:05:53 2020

# input dimensionality
2

# covariance function
CovSEiso

# log-hyperparameter
-2.054276981 -1.417231967 

# data (target value in first column)
0.2721404433 0.400000006 -1.565999985 
0.1792125851 0.400000006 -1.304999948 
0.1767653227 0.400000006 -1.04400003 
0.2822630405 0.400000006 -0.7829999924 
0.2958458364 0.400000006 -0.5220000148 
0.2858683467 0.400000006 -0.2610000074 
0.2721404135 0.400000006 0 
0.2775706351 0.400000006 0.2610000074 
0.2721404135 0.400000006 0.5220000148 
0.1758886278 0.400000006 0.7829999924 
0.1762002558 0.400000006 1.04400003 
0.2781742215 0.400000006 1.304999948 
0.2721404135 0.5 -1.565999985 
0.1788524836 0.5 -1.304999948 
0.2721404433 0.5 -1.04400003 
0.2760971487 0.5 -0.7829999924 
0.2721404135 0.5 -0.5220000148 
0.2721404433 0.5 -0.2610000074 
0.2721404135 0.5 0 
0.1763202548 0.5 0.2610000074 
0.2721404135 0.5 0.5220000148 
0.2721404433 0.5 0.7829999924 
0.2721404135 0.5 1.04400003 
0.1758526266 0.5 1.304999948 
0.1442835331 0.6000000238 -1.565999985 
0.2721404135 0.6000000238 -1.304999948 
0.2721404135 0.6000000238 -1.04400003 
0.1796375215 0.6000000238 -0.7829999924 
0.1876672357 0.6000000238 -0.5220000148 
0.2464736551 0.6000000238 -0.2610000074 
0.1768893749 0.6000000238 0 
0.2721404135 0.6000000238 0.2610000074 
0.2448144108 0.6000000238 0.5220000148 
0.154089883 0.6000000238 0.7829999924 
0.2721404433 0.6000000238 1.04400003 
0.178358674 0.6000000238 1.304999948 
0.3724939823 0.6999999881 -1.565999985 
0.2721404135 0.6999999881 -1.304999948 
0.2845574021 0.6999999881 -1.04400003 
0.313610673 0.6999999881 -0.7829999924 
0.312512666 0.6999999881 -0.5220000148 
0.2721404135 0.6999999881 -0.2610000074 
0.2769818008 0.6999999881 0 
0.2984230518 0.6999999881 0.2610000074 
0.3171955049 0.6999999881 0.5220000148 
0.2773725986 0.6999999881 0.7829999924 
0.2742038369 0.6999999881 1.04400003 
0.2721404135 0.6999999881 1.304999948 
0.5031855106 0.8000000119 -1.565999985 
0.3383699358 0.8000000119 -1.304999948 
0.3582305312 0.8000000119 -1.04400003 
0.4888531864 0.8000000119 -0.7829999924 
0.3734228313 0.8000000119 -0.5220000148 
0.3950075805 0.8000000119 -0.2610000074 
0.3817095459 0.8000000119 0 
0.4001063704 0.8000000119 0.2610000074 
0.2994512618 0.8000000119 0.5220000148 
0.3139106631 0.8000000119 0.7829999924 
0.2769190073 0.8000000119 1.04400003 
0.2757766247 0.8000000119 1.304999948 
0.4509521723 0.8999999762 -1.565999985 
0.329449296 0.8999999762 -1.304999948 
0.3758580685 0.8999999762 -1.04400003 
0.3920055032 0.8999999762 -0.7829999924 
0.3882620633 0.8999999762 -0.5220000148 
0.4628986716 0.8999999762 -0.2610000074 
0.4806266427 0.8999999762 0 
0.4493481219 0.8999999762 0.2610000074 
0.3661006391 0.8999999762 0.5220000148 
0.3669026792 0.8999999762 0.7829999924 
0.3872175813 0.8999999762 1.04400003 
0.3015599847 0.8999999762 1.304999948 
0.2844892144 1 -1.565999985 
0.2776813805 1 -1.304999948 
0.2805739343 1 -1.04400003 
0.2916517854 1 -0.7829999924 
0.3281446397 1 -0.5220000148 
0.3889522851 1 -0.2610000074 
0.4371785522 1 0 
0.4517669976 1 0.2610000074 
0.4554576576 1 0.5220000148 
0.55411309 1 0.7829999924 
0.4373621941 1 1.04400003 
0.3859399557 1 1.304999948 
0.2721404135 1.100000024 -1.565999985 
0.2779890597 1.100000024 -1.304999948 
0.2738044262 1.100000024 -1.04400003 
0.2721404135 1.100000024 -0.7829999924 
0.2875642776 1.100000024 -0.5220000148 
0.3638663888 1.100000024 -0.2610000074 
0.2904798985 1.100000024 0 
0.2878591418 1.100000024 0.2610000074 
0.3403861523 1.100000024 0.5220000148 
0.5434715748 1.100000024 0.7829999924 
0.4356845021 1.100000024 1.04400003 
0.5106942654 1.100000024 1.304999948 
0.2721404135 1.200000048 -1.565999985 
0.293843627 1.200000048 -1.304999948 
0.1900300086 1.200000048 -1.04400003 
0.2721404135 1.200000048 -0.7829999924 
0.1876631528 1.200000048 -0.5220000148 
0.2721404135 1.200000048 -0.2610000074 
0.259118408 1.200000048 0 
0.3280810416 1.200000048 0.2610000074 
0.3320794404 1.200000048 0.5220000148 
0.4432583153 1.200000048 0.7829999924 
0.329873085 1.200000048 1.04400003 
