# Thu Sep 24 18:05:53 2020

# input dimensionality
2

# covariance function
CovSEiso

# log-hyperparameter
-1.627149162 -0.7144143269 

# data (target value in first column)
0.7426259518 0.400000006 -1.565999985 
0.705584228 0.400000006 -1.304999948 
0.7410444617 0.400000006 -1.04400003 
0.6677794456 0.400000006 -0.7829999924 
0.7626126409 0.400000006 -0.5220000148 
0.7142834067 0.400000006 -0.2610000074 
0.7763056755 0.400000006 0 
0.773988843 0.400000006 0.2610000074 
0.8476867676 0.400000006 0.5220000148 
0.7903212905 0.400000006 0.7829999924 
0.8509193063 0.400000006 1.04400003 
0.8119192123 0.400000006 1.304999948 
0.8717883825 0.5 -1.565999985 
0.8357162476 0.5 -1.304999948 
0.8603448272 0.5 -1.04400003 
0.7264023423 0.5 -0.7829999924 
0.8128629327 0.5 -0.5220000148 
0.7751092315 0.5 -0.2610000074 
0.8363339901 0.5 0 
0.8500816226 0.5 0.2610000074 
0.8996146917 0.5 0.5220000148 
0.8482906222 0.5 0.7829999924 
0.9040980339 0.5 1.04400003 
0.8655779362 0.5 1.304999948 
0.9278273582 0.6000000238 -1.565999985 
0.9075588584 0.6000000238 -1.304999948 
0.9095060229 0.6000000238 -1.04400003 
0.8229014277 0.6000000238 -0.7829999924 
0.862075448 0.6000000238 -0.5220000148 
0.8176369071 0.6000000238 -0.2610000074 
0.8728039265 0.6000000238 0 
0.8986809254 0.6000000238 0.2610000074 
0.9174290299 0.6000000238 0.5220000148 
0.9051068425 0.6000000238 0.7829999924 
0.9354783297 0.6000000238 1.04400003 
0.913214922 0.6000000238 1.304999948 
0.9609075189 0.6999999881 -1.565999985 
0.9288861156 0.6999999881 -1.304999948 
0.9416279197 0.6999999881 -1.04400003 
0.8993182182 0.6999999881 -0.7829999924 
0.8954075575 0.6999999881 -0.5220000148 
0.849131465 0.6999999881 -0.2610000074 
0.8910239935 0.6999999881 0 
0.906701982 0.6999999881 0.2610000074 
0.9073281288 0.6999999881 0.5220000148 
0.95012784 0.6999999881 0.7829999924 
0.9432370663 0.6999999881 1.04400003 
0.9322134852 0.6999999881 1.304999948 
0.9724074602 0.8000000119 -1.565999985 
0.9591737986 0.8000000119 -1.304999948 
0.9533552527 0.8000000119 -1.04400003 
0.9359390736 0.8000000119 -0.7829999924 
0.9228918552 0.8000000119 -0.5220000148 
0.9042527676 0.8000000119 -0.2610000074 
0.894089818 0.8000000119 0 
0.9189242125 0.8000000119 0.2610000074 
0.8988902569 0.8000000119 0.5220000148 
0.9541214108 0.8000000119 0.7829999924 
0.9547671676 0.8000000119 1.04400003 
0.9614034891 0.8000000119 1.304999948 
0.9744951129 0.8999999762 -1.565999985 
0.9554848075 0.8999999762 -1.304999948 
0.9547841549 0.8999999762 -1.04400003 
0.9576762915 0.8999999762 -0.7829999924 
0.9174734354 0.8999999762 -0.5220000148 
0.9091994762 0.8999999762 -0.2610000074 
0.8868620396 0.8999999762 0 
0.898003757 0.8999999762 0.2610000074 
0.8951111436 0.8999999762 0.5220000148 
0.9159268737 0.8999999762 0.7829999924 
0.9538414478 0.8999999762 1.04400003 
0.9609098434 0.8999999762 1.304999948 
0.9621482491 1 -1.565999985 
0.9283531308 1 -1.304999948 
0.939273119 1 -1.04400003 
0.9559845924 1 -0.7829999924 
0.9124985933 1 -0.5220000148 
0.926715076 1 -0.2610000074 
0.8918310404 1 0 
0.8597750068 1 0.2610000074 
0.8737064004 1 0.5220000148 
0.8461602926 1 0.7829999924 
0.9288268089 1 1.04400003 
0.9138335586 1 1.304999948 
0.930008769 1.100000024 -1.565999985 
0.8917471766 1.100000024 -1.304999948 
0.9056014419 1.100000024 -1.04400003 
0.928812027 1.100000024 -0.7829999924 
0.8933930397 1.100000024 -0.5220000148 
0.9022803903 1.100000024 -0.2610000074 
0.8729354143 1.100000024 0 
0.8101907372 1.100000024 0.2610000074 
0.8407943249 1.100000024 0.5220000148 
0.8014053106 1.100000024 0.7829999924 
0.8861841559 1.100000024 1.04400003 
0.8816075921 1.100000024 1.304999948 
0.8899982572 1.200000048 -1.565999985 
0.870993197 1.200000048 -1.304999948 
0.8933593631 1.200000048 -1.04400003 
0.8885213733 1.200000048 -0.7829999924 
0.8910252452 1.200000048 -0.5220000148 
0.7361519933 1.200000048 -0.2610000074 
0.853176415 1.200000048 0 
0.6468458772 1.200000048 0.2610000074 
0.7933500409 1.200000048 0.5220000148 
0.7591716647 1.200000048 0.7829999924 
0.7737613916 1.200000048 1.04400003 
