# Thu Sep 24 18:05:53 2020

# input dimensionality
2

# covariance function
CovSEiso

# log-hyperparameter
-1.62909213 -0.7030451022 

# data (target value in first column)
0.7416843176 0.400000006 -1.565999985 
0.8032136559 0.400000006 -1.304999948 
0.8229840398 0.400000006 -1.04400003 
0.8431880474 0.400000006 -0.7829999924 
0.859587431 0.400000006 -0.5220000148 
0.7967433333 0.400000006 -0.2610000074 
0.7985705137 0.400000006 0 
0.7961025238 0.400000006 0.2610000074 
0.8441224098 0.400000006 0.5220000148 
0.8378655314 0.400000006 0.7829999924 
0.8251491785 0.400000006 1.04400003 
0.8066845536 0.400000006 1.304999948 
0.8718044162 0.5 -1.565999985 
0.9011281133 0.5 -1.304999948 
0.8859957457 0.5 -1.04400003 
0.8985882998 0.5 -0.7829999924 
0.9016034603 0.5 -0.5220000148 
0.8993916512 0.5 -0.2610000074 
0.8742731214 0.5 0 
0.8824684024 0.5 0.2610000074 
0.8899053335 0.5 0.5220000148 
0.8848100305 0.5 0.7829999924 
0.8838658929 0.5 1.04400003 
0.8988659978 0.5 1.304999948 
0.9278380275 0.6000000238 -1.565999985 
0.9333049059 0.6000000238 -1.304999948 
0.9338690042 0.6000000238 -1.04400003 
0.935028553 0.6000000238 -0.7829999924 
0.9449209571 0.6000000238 -0.5220000148 
0.9427945614 0.6000000238 -0.2610000074 
0.93957901 0.6000000238 0 
0.9196593761 0.6000000238 0.2610000074 
0.9363030195 0.6000000238 0.5220000148 
0.9279944301 0.6000000238 0.7829999924 
0.9348291755 0.6000000238 1.04400003 
0.932356894 0.6000000238 1.304999948 
0.9584337473 0.6999999881 -1.565999985 
0.9731549621 0.6999999881 -1.304999948 
0.9589080811 0.6999999881 -1.04400003 
0.9548895359 0.6999999881 -0.7829999924 
0.9563336372 0.6999999881 -0.5220000148 
0.9772856236 0.6999999881 -0.2610000074 
0.9744311571 0.6999999881 0 
0.960314095 0.6999999881 0.2610000074 
0.9631209373 0.6999999881 0.5220000148 
0.9502826333 0.6999999881 0.7829999924 
0.9541085958 0.6999999881 1.04400003 
0.9753701687 0.6999999881 1.304999948 
0.9697701335 0.8000000119 -1.565999985 
0.9762644768 0.8000000119 -1.304999948 
0.9758961201 0.8000000119 -1.04400003 
0.9622091055 0.8000000119 -0.7829999924 
0.9693874717 0.8000000119 -0.5220000148 
0.981406033 0.8000000119 -0.2610000074 
0.9865773916 0.8000000119 0 
0.9729070067 0.8000000119 0.2610000074 
0.9821576476 0.8000000119 0.5220000148 
0.9617295861 0.8000000119 0.7829999924 
0.9730972648 0.8000000119 1.04400003 
0.9775788188 0.8000000119 1.304999948 
0.9728919268 0.8999999762 -1.565999985 
0.9816793203 0.8999999762 -1.304999948 
0.9830912948 0.8999999762 -1.04400003 
0.9636086822 0.8999999762 -0.7829999924 
0.9715551138 0.8999999762 -0.5220000148 
0.9800733328 0.8999999762 -0.2610000074 
0.9917692542 0.8999999762 0 
0.9834782481 0.8999999762 0.2610000074 
0.973434031 0.8999999762 0.5220000148 
0.966829896 0.8999999762 0.7829999924 
0.9767990112 0.8999999762 1.04400003 
0.9803174138 0.8999999762 1.304999948 
0.9613951445 1 -1.565999985 
0.9837931395 1 -1.304999948 
0.9651808143 1 -1.04400003 
0.9542390108 1 -0.7829999924 
0.9589223266 1 -0.5220000148 
0.961959362 1 -0.2610000074 
0.9822149873 1 0 
0.9846542478 1 0.2610000074 
0.9627496004 1 0.5220000148 
0.9659493566 1 0.7829999924 
0.9608020782 1 1.04400003 
0.9818797708 1 1.304999948 
0.9294195771 1.100000024 -1.565999985 
0.9578288198 1.100000024 -1.304999948 
0.9479186535 1.100000024 -1.04400003 
0.9303424954 1.100000024 -0.7829999924 
0.9319569468 1.100000024 -0.5220000148 
0.9443194866 1.100000024 -0.2610000074 
0.9591696262 1.100000024 0 
0.9665578604 1.100000024 0.2610000074 
0.9442332387 1.100000024 0.5220000148 
0.932094872 1.100000024 0.7829999924 
0.9418963194 1.100000024 1.04400003 
0.9490020275 1.100000024 1.304999948 
0.8901901245 1.200000048 -1.565999985 
0.9038549662 1.200000048 -1.304999948 
0.9020553231 1.200000048 -1.04400003 
0.8964483142 1.200000048 -0.7829999924 
0.8958467245 1.200000048 -0.5220000148 
0.9396532178 1.200000048 -0.2610000074 
0.9111198187 1.200000048 0 
0.9606633186 1.200000048 0.2610000074 
0.9081094861 1.200000048 0.5220000148 
0.8716816902 1.200000048 0.7829999924 
0.8950814605 1.200000048 1.04400003 
