# Thu Sep 24 18:05:53 2020

# input dimensionality
2

# covariance function
CovSEiso

# log-hyperparameter
-2.043880168 -1.497209076 

# data (target value in first column)
0.1814204007 0.400000006 -1.565999985 
0.1792545021 0.400000006 -1.304999948 
0.1758783162 0.400000006 -1.04400003 
0.1884240657 0.400000006 -0.7829999924 
0.1922138035 0.400000006 -0.5220000148 
0.1872207224 0.400000006 -0.2610000074 
0.1766154319 0.400000006 0 
0.1744797975 0.400000006 0.2610000074 
0.18208386 0.400000006 0.5220000148 
0.1757188588 0.400000006 0.7829999924 
0.1766448468 0.400000006 1.04400003 
0.1748975962 0.400000006 1.304999948 
0.1796530336 0.5 -1.565999985 
0.1799905896 0.5 -1.304999948 
0.1718849987 0.5 -1.04400003 
0.1807438433 0.5 -0.7829999924 
0.1631203294 0.5 -0.5220000148 
0.176591903 0.5 -0.2610000074 
0.168636471 0.5 0 
0.1763319373 0.5 0.2610000074 
0.1850928068 0.5 0.5220000148 
0.1729918867 0.5 0.7829999924 
0.1814534217 0.5 1.04400003 
0.1772779375 0.5 1.304999948 
0.1300362051 0.6000000238 -1.565999985 
0.1689147204 0.6000000238 -1.304999948 
0.1683213711 0.6000000238 -1.04400003 
0.1789794266 0.6000000238 -0.7829999924 
0.1447697133 0.6000000238 -0.5220000148 
0.1879093498 0.6000000238 -0.2610000074 
0.1764173359 0.6000000238 0 
0.1644024551 0.6000000238 0.2610000074 
0.1978951842 0.6000000238 0.5220000148 
0.1294883788 0.6000000238 0.7829999924 
0.1732117832 0.6000000238 1.04400003 
0.178188175 0.6000000238 1.304999948 
0.3705530465 0.6999999881 -1.565999985 
0.3546132445 0.6999999881 -1.304999948 
0.3151890039 0.6999999881 -1.04400003 
0.3862936199 0.6999999881 -0.7829999924 
0.257242322 0.6999999881 -0.5220000148 
0.3407925069 0.6999999881 -0.2610000074 
0.3320645094 0.6999999881 0 
0.2927730083 0.6999999881 0.2610000074 
0.2405271828 0.6999999881 0.5220000148 
0.3887012005 0.6999999881 0.7829999924 
0.2470771372 0.6999999881 1.04400003 
0.227239579 0.6999999881 1.304999948 
0.502086699 0.8000000119 -1.565999985 
0.4998475015 0.8000000119 -1.304999948 
0.4695081115 0.8000000119 -1.04400003 
0.5081345439 0.8000000119 -0.7829999924 
0.3671932817 0.8000000119 -0.5220000148 
0.465072751 0.8000000119 -0.2610000074 
0.4492810071 0.8000000119 0 
0.4410542846 0.8000000119 0.2610000074 
0.3968932927 0.8000000119 0.5220000148 
0.5101272464 0.8000000119 0.7829999924 
0.3102208674 0.8000000119 1.04400003 
0.3235935569 0.8000000119 1.304999948 
0.4874258041 0.8999999762 -1.565999985 
0.4269803762 0.8999999762 -1.304999948 
0.4186033607 0.8999999762 -1.04400003 
0.5135874748 0.8999999762 -0.7829999924 
0.4494644105 0.8999999762 -0.5220000148 
0.4036210179 0.8999999762 -0.2610000074 
0.4807496369 0.8999999762 0 
0.4627320468 0.8999999762 0.2610000074 
0.4370818734 0.8999999762 0.5220000148 
0.4888047874 0.8999999762 0.7829999924 
0.4273339808 0.8999999762 1.04400003 
0.3948511183 0.8999999762 1.304999948 
0.2842884064 1 -1.565999985 
0.3393419087 1 -1.304999948 
0.3038816452 1 -1.04400003 
0.359718591 1 -0.7829999924 
0.3501419425 1 -0.5220000148 
0.4129433632 1 -0.2610000074 
0.3531238735 1 0 
0.3831878603 1 0.2610000074 
0.349658072 1 0.5220000148 
0.3644689023 1 0.7829999924 
0.3632080257 1 1.04400003 
0.3653297722 1 1.304999948 
0.187743187 1.100000024 -1.565999985 
0.1965750754 1.100000024 -1.304999948 
0.2479979992 1.100000024 -1.04400003 
0.2453302443 1.100000024 -0.7829999924 
0.2382706106 1.100000024 -0.5220000148 
0.2483325452 1.100000024 -0.2610000074 
0.2554595172 1.100000024 0 
0.2403179109 1.100000024 0.2610000074 
0.3399897218 1.100000024 0.5220000148 
0.3609768152 1.100000024 0.7829999924 
0.3607345223 1.100000024 1.04400003 
0.3272043467 1.100000024 1.304999948 
0.2389286608 1.200000048 -1.565999985 
0.1723422855 1.200000048 -1.304999948 
0.1804396808 1.200000048 -1.04400003 
0.276031971 1.200000048 -0.7829999924 
0.1636604071 1.200000048 -0.5220000148 
0.1610152274 1.200000048 -0.2610000074 
0.2212271094 1.200000048 0 
0.2814232409 1.200000048 0.2610000074 
0.3238795102 1.200000048 0.5220000148 
0.3587676585 1.200000048 0.7829999924 
0.4197920561 1.200000048 1.04400003 
